Hx = 0.034483 N = 30
Hy = 0.068966 M = 30
