Hx = 0.034483
Hy = 0.068966
